24
0 15 9 7 15 0 0	0 0 14 0 0 0 0 12 0 0 15 0 0 0 0 0 0
15 0 0 15 0 0 24 0 29 0 0 0 21 0 16 0 0 0 0 0 0 0 0 0
9 0 0 0	13 0 0 0 0 8 0 0 0 0 0 9 0 6 0 0 0 0 0 0
7 15 0 0 14 0 11 20 0 0	0 0 0 0	0 0 0 0	0 0 0 0	0 0
15 0 13 14 0 8 0 14 0 8 7 0 0 0 0 0 0 0	0 0 0 0	0 0
0 0 0 0	8 0 0 8	0 0 8 0	0 0 0 0 14 0 12	0 0 0 0 0
0 24 0	11 0 0	0 26 0 0 0 0 0 0 0 0 0 0 0 0 0	34 14 0
0 0 0 20 14 8 26 0 0 0 0 0 0 0 0 0 0 0 16 0 0 16 0 0
0 29 0 0 0 0 0 0 0 0 0 0 35 0 0	0 0 0 0	0 0 0 0 0
14 0 8 0 8 0 0 0 0 0 9 0 0 0 0 11 0 0 0 0 0 0 0	0
0 0 0 0 7 8 0 0	0 9 0 0	0 0 0 13 12 0 0	0 0 0 0 0
0 0 0 0	0 0 0 0	0 0 0 0	24 10 24 20 21 0 27 0 16 0 0 0
0 21 0	0 0 0 0	0 35 0 0 24 0 0	13 0 0	0 0 0 0	0 0 0
0 0 0 0 0 0 0 0	0 0 0 10 0 0 15	15 0 10 0 0 0 0 0 0
12 16 0	0 0 0 0	0 0 0 0	24 13 15 0 0 0 9 0 0 0 0 0 0
0 0 9 0	0 0 0 0	0 11 13	20 0 15	0 0 8 8 0 0 0 0 0 0
0 0 0 0	0 14 0 0 0 0 12 21 0 0 0 8 0 0 10 0 0 0	0 0
15 0 6 0 0 0 0 0 0 0 0 0 0 10 9 8 0 0 0 0 0 0 0	0
0 0 0 0	0 12 0 16 0 0 0	27 0 0 0 0 10 0 0 0 34 26 0 0
0 0 0 0	0 0 0 0	0 0 0 0	0 0 0 0	0 0 0 0 23 0 0 0
0 0 0 0 0 0 0 0 0 0 0 16 0 0 0 0 0 0 34 23 0 41 0 0
0 0 0 0 0 0 34 16 0 0 0 0 0 0 0 0 0 0 26 0 41 0 40 0
0 0 0 0	0 0 14 0 0 0 0	0 0 0 0	0 0 0 0	0 0 40 0 60
0 0 0 0	0 0 0 0 0 0 0 0 0 0 0 0 0 0 0 0 0 0 60 0



0	8	3	3	6	0	0	0	0	5	0	0	0	0	5	0	0	7	0	0	0	0	0	0
8	0	0	8	0	0	14	0	17	0	0	0	11	0	9	0	0	0	0	0	0	0	0	0
3	0	0	0	7	0	0	0	0	3	0	0	0	0	0	4	0	3	0	0	0	0	0	0
3	8	0	0	6	0	5	12	0	0	0	0	0	0	0	0	0	0	0	0	0	0	0	0
6	0	7	6	0	4	0	8	0	3	3	0	0	0	0	0	0	0	0	0	0	0	0	0
0	0	0	0	4	0	0	4	0	0	4	0	0	0	0	0	7	0	6	0	0	0	0	0
0	14	0	5	0	0	0	15	0	0	0	0	0	0	0	0	0	0	0	0	0	15	7	0
0	0	0	12	8	4	15	0	0	0	0	0	0	0	0	0	0	0	8	0	0	10	0	0
0	17	0	0	0	0	0	0	0	0	0	0	23	0	0	0	0	0	0	0	0	0	0	0
5	0	3	0	3	0	0	0	0	0	4	0	0	0	0	5	0	0	0	0	0	0	0	0
0	0	0	0	3	4	0	0	0	4	0	0	0	0	0	6	5	0	0	0	0	0	0	0
0	0	0	0	0	0	0	0	0	0	0	0	15	5	11	12	11	0	16	0	7	0	0	0
0	11	0	0	0	0	0	0	23	0	0	15	0	0	8	0	0	0	0	0	0	0	0	0
0	0	0	0	0	0	0	0	0	0	0	5	0	0	7	9	0	5	0	0	0	0	0	0
5	9	0	0	0	0	0	0	0	0	0	11	8	7	0	0	0	4	0	0	0	0	0	0
0	0	4	0	0	0	0	0	0	5	6	12	0	9	0	0	4	4	0	0	0	0	0	0
0	0	0	0	0	7	0	0	0	0	5	11	0	0	0	4	0	0	5	0	0	0	0	0
7	0	3	0	0	0	0	0	0	0	0	0	0	5	4	4	0	0	0	0	0	0	0	0
0	0	0	0	0	6	0	8	0	0	0	16	0	0	0	0	5	0	0	0	25	14	0	0
0	0	0	0	0	0	0	0	0	0	0	0	0	0	0	0	0	0	0	0	16	0	0	0
0	0	0	0	0	0	0	0	0	0	0	7	0	0	0	0	0	0	25	16	0	30	0	0
0	0	0	0	0	0	15	10	0	0	0	0	0	0	0	0	0	0	14	0	30	0	26	0
0	0	0	0	0	0	7	0	0	0	0	0	0	0	0	0	0	0	0	0	0	26	0	60
0	0	0	0	0	0	0	0	0	0	0	0	0	0	0	0	0	0	0	0	0	0	60	0

1330 570 Quan1
1400 700 Quan2
1130 570 Quan3
350 780 Quan4
530 450 Quan5
680 300 Quan6
240 700 Quan7 
420 250 Quan8
1450 550 Quan9
930 630 Quan10
930 450 Quan11
1400 150 Quan12
1450 250 ThuDuc
1330 250 GoVap
1400 350 BinhThanh
1130 250 TanBinh
930 250 TanPhu
1330 500 PhuNhuan
850 150 BinhTan
850 10 CuChi
850 100 HocMon
240 150 BinhChanh 
60 250 NhaBe
60 780 CanGio
