24
0 15 9 7 15 0 0	0 0 14 0 0 0 0 12 0 0 15 0 0 0 0 0 0
0 0 0 15 0 0 24 0 29 0 0 0 21 0 16 0 0 0 0 0 0 0 0 0
9 0 0 0	13 0 0 0 0 8 0 0 0 0 0 9 0 6 0 0 0 0 0 0
7 15 0 0 14 0 11 20 0 0	0 0 0 0	0 0 0 0	0 0 0 0	0 0
15 0 13 14 0 8 0 0 0 8 7 0 0 0 0 0 0 0	0 0 0 0	0 0
0 0 0 0	8 0 0 8	0 0 8 0	0 0 0 0 14 0 12	0 0 0 0 0
0 24 0	11 0 0	0 26 0 0 0 0 0 0 0 0 0 0 0 0 0	34 14 0
0 0 0 20 14 8 26 0 0 0 0 0 0 0 0 0 0 0 16 0 0 16 0 0
0 29 0 0 0 0 0 0 0 0 0 0 35 0 0	0 0 0 0	0 0 0 0 0
14 0 8 0 8 0 0 0 0 0 9 0 0 0 0 11 0 0 0 0 0 0 0	0
0 0 0 0 7 8 0 0	0 9 0 0	0 0 0 13 12 0 0	0 0 0 0 0
0 0 0 0	0 0 0 0	0 0 0 0	24 10 24 20 21 0 27 0 0 0 0 0
0 21 0	0 0 0 0	0 35 0 0 24 0 0	13 0 0	0 0 0 0	0 0 0
0 0 0 0 0 0 0 0	0 0 0 10 0 0 15	15 0 10 0 0 0 0 0 0
12 16 0	0 0 0 0	0 0 0 0	24 13 15 0 0 0 9 0 0 0 0 0 0
0 0 9 0	0 0 0 0	0 11 13	20 0 15	0 0 8 8 0 0 0 0 0 0
0 0 0 0	0 14 0 0 0 0 12 21 0 0 0 8 0 0 10 0 0 0	0 0
15 0 6 0 0 0 0 0 0 0 0 0 0 10 9 8 0 0 0 0 0 0 0	0
0 0 0 0	0 12 0 16 0 0 0	27 0 0 0	0 10 0 0 0 34 26 0 0
0 0 0 0	0 0 0 0	0 0 0 0	0 0 0 0	0 0 0 0 23 0 0 0
0 0 0 0 0 0 0 0 0 0 0 16 0 0 0 0 0 0 34 23 0 41 0 0
0 0 0 0 0 0 34 16 0 0 0 0 0 0 0 0 0 0 26 0 0 0 40 0
0 0 0 0	0 0 14 0 0 0 0	0 0 0 0	0 0 0 0	0 0 40 0 60 
0 0 0 0	0 0 0 0 0 0 0 0 0 0 0 0 0 0 0 0 0 0 60 0



0	8	3	3	6	0	0	0	0	5	0	0	0	0	5	0	0	7	0	0	0	0	0	0
0	0	0	8	0	0	14	0	17	0	0	0	11	0	9	0	0	0	0	0	0	0	0	0
3	0	0	0	7	0	0	0	0	3	0	0	0	0	0	4	0	3	0	0	0	0	0	0
3	8	0	0	6	0	5	12	0	0	0	0	0	0	0	0	0	0	0	0	0	0	0	0
6	0	7	6	0	4	0	0	0	3	3	0	0	0	0	0	0	0	0	0	0	0	0	0
0	0	0	0	4	0	0	9	0	0	4	0	0	0	0	0	7	0	6	0	0	0	0	0
0	14	0	5	0	0	0	15	0	0	0	0	0	0	0	0	0	0	0	0	0	15	7	0
0	0	0	12	8	4	15	0	0	0	0	0	0	0	0	0	0	0	8	0	0	10	0	0
0	17	0	0	0	0	0	0	0	0	0	0	23	0	0	0	0	0	0	0	0	0	0	0
5	0	3	0	3	0	0	0	0	0	4	0	0	0	0	5	0	0	0	0	0	0	0	0
0	0	0	0	3	4	0	0	0	4	0	0	0	0	0	6	5	0	0	0	0	0	0	0
0	0	0	0	0	0	0	0	0	0	0	0	15	5	11	12	11	0	16	0	0	0	0	0
0	11	0	0	0	0	0	0	23	0	0	15	0	0	8	0	0	0	0	0	0	0	0	0
0	0	0	0	0	0	0	0	0	0	0	5	0	0	7	9	0	5	0	0	0	0	0	0
5	9	0	0	0	0	0	0	0	0	0	11	8	7	0	0	0	4	0	0	0	0	0	0
0	0	4	0	0	0	0	0	0	5	6	12	0	9	0	0	4	4	0	0	0	0	0	0
0	0	0	0	0	7	0	0	0	0	5	11	0	0	0	4	0	0	5	0	0	0	0	0
7	0	3	0	0	0	0	0	0	0	0	0	0	5	4	4	0	0	0	0	0	0	0	0
0	0	0	0	0	6	0	8	0	0	0	16	0	0	0	0	5	0	0	0	25	14	0	0
0	0	0	0	0	0	0	0	0	0	0	0	0	0	0	0	0	0	0	0	16	0	0	0
0	0	0	0	0	0	0	0	0	0	0	7	0	0	0	0	0	0	25	16	0	30	0	0
0	0	0	0	0	0	15	10	0	0	0	0	0	0	0	0	0	0	14	0	0	0	26	0
0	0	0	0	0	0	7	0	0	0	0	0	0	0	0	0	0	0	0	0	0	26	0	45
0	0	0	0	0	0	0	0	0	0	0	0	0	0	0	0	0	0	0	0	0	0	45	0

1300 570 Quan1
1350 700 Quan2
1250 570 Quan3
250 780 Quan4
500 500 Quan5
650 300 Quan6
200 700 Quan7 
380 250 Quan8
1390 550 Quan9
1000 600 Quan10
1000 500 Quan11
1350 150 Quan12
1390 250 ThuDuc
1300 250 GoVap
1350 250 BinhThanh
1200 250 TanBinh
900 250 TanPhu
1100 500 PhuNhuan
800 150 BinhTan
800 10 CuChi
800 100 HocMon
200 150 BinhChanh 
10 250 NhaBe
10 780 CanGio
